Name,x_mask,y_mask,x_img,y_img
TLM1,282,1034,315.45981241130016,828.7637048514953
TLM1,326,1034,375.34187420517867,828.5751677519088
TLM2,326,1034,375.34187420517867,828.5751677519088
TLM2,369,1034,433.8629800491964,828.3909155864037
TLM3,369,1034,433.8629800491964,828.3909155864037
TLM3,412,1034,492.3840858932141,828.2066634208988
TLM4,412,1034,492.3840858932141,828.2066634208988
TLM4,454,1034,549.5442357873709,828.0266961894754
TLM5,454,1034,549.5442357873709,828.0266961894754
TLM5,496,1034,606.7043856815277,827.8467289580519
TLM6,496,1034,606.7043856815277,827.8467289580519
TLM6,537,1034,662.5035796258236,827.6710466607101
TLM7,537,1034,662.5035796258236,827.6710466607101
TLM7,580,1034,721.0246854698413,827.486794495205
TLM8,580,1034,721.0246854698413,827.486794495205
TLM8,621,1034,776.8238794141372,827.3111121978632
