Name,x_mask,y_mask,x_img,y_img
CTLM4,563,882,697.2371243418168,620.6943339957375
CTLM4,601,859,748.8548969526554,589.22951965384
CTLM5,646,882,810.1964681802696,620.3386844669719
CTLM5,675,854,849.5442125719527,582.1076547825037
CTLM6,309,966,351.9142475400011,736.1030070407546
CTLM6,348,962,404.97438984824925,730.4920708121324
CTLM7,393,966,466.23454732831465,735.7430725779077
CTLM7,436,962,524.7385134360063,730.1149966129594
CTLM8,479,968,583.2853288845131,738.0964801466198
CTLM8,519,963,637.7021422085406,731.120303034055
CTLM9,561,966,694.875146904942,735.0232036522141
CTLM9,601,968,749.32195476754,737.5737181886755
CTLM10,646,966,810.5564026431164,734.6589842552855
CTLM10,673,923,847.1179611238551,676.0221851910671
