Name,x_mask,y_mask,x_img,y_img
a,615,1016,466.2007355450827,479.34279649931295
a,645,1043,440.7185503628185,508.94191260063803
b,685,1017,466.724828894247,547.0863105487481
b,711,1040,445.02725243805526,572.7303546740665
c,758,1017,468.28030604989647,617.7108969552213
c,775,1042,444.45603826200886,634.690416103184
d,819,1019,467.6451681551247,676.768578121059
d,840,1043,444.8735920799643,697.5966297138197
e,822,947,537.3662181925633,678.1367891349311
e,842,985,501.0288929825223,698.2956913273166
f,754,946,536.8847406558826,612.3281952610157
f,773,979,505.36340797839944,631.4130978344325
g,689,948,533.5648065746475,549.4859053691054
g,711,976,506.9446980546892,571.366648674593
h,617,949,531.06317723748,479.85008695663396
h,646,985,496.85254335913476,508.67351412637504
